touzi.png
size:512,512
filter:Linear,Linear
001
bounds:210,13,86,40
rotate:90
001base
bounds:1,258,261,253
002
bounds:250,115,79,142
003
bounds:394,261,62,114
004
bounds:330,140,123,59
rotate:90
005
bounds:263,264,87,130
rotate:90
006
bounds:455,130,44,69
007
bounds:458,346,165,51
rotate:90
008
bounds:1,1,78,98
009
bounds:263,352,97,159
010
bounds:181,100,157,68
rotate:90
011
bounds:390,142,64,118
017
bounds:390,142,64,118
012
bounds:457,273,54,72
013
bounds:1,174,179,83
014
bounds:80,18,81,129
rotate:90
015
bounds:457,200,54,72
016
bounds:1,100,165,73
018
bounds:361,376,96,135
